image_width: 1280
image_height: 720
camera_name: narrow_stereo
camera_matrix:
  rows: 3
  cols: 3
  data: [732.88337,   0.     , 660.06888,
           0.     , 733.47184, 350.99371,
           0.     ,   0.     ,   1.     ]
distortion_model: plumb_bob
distortion_coefficients:
  rows: 1
  cols: 5
  data: [0.008980, 0.018264, 0.004253, -0.000374, 0.000000]
rectification_matrix:
  rows: 3
  cols: 3
  data: [1., 0., 0.,
         0., 1., 0.,
         0., 0., 1.]
projection_matrix:
  rows: 3
  cols: 4
  data: [753.91034,   0.     , 657.81634,   0.     ,
           0.     , 752.80811, 355.02156,   0.     ,
           0.     ,   0.     ,   1.     ,   0.     ]
